20744
20753
20749
20761
20773
20779
20755
20731
20745
20795
20803
20803
20820
20859
20843
20847
20862
20895
20909
20938
20946
20929
20930
20966
20961
21021
21015
21037
21048
21032
21071
21090
21076
21120
21128
21186
21197
21223
21229
21243
21229
21227
21248
21298
21280
21285
21273
21281
21326
21330
21328
21330
21327
21340
21323
21300
21345
21320
21358
21392
21403
21414
21476
21474
21481
21475
21508
21527
21505
21474
21482
21543
21530
21554
21568
21584
21574
21568
21560
21602
21585
21592
21626
21674
21663
21695
21715
21683
21712
21722
21713
21691
21687
21695
21700
21744
21731
21773
21786
21817
21814
21823
21831
21895
21891
21892
21856
21887
21937
21946
21947
21944
21927
21917
21926
21969
22011
22015
22053
22010
22027
22064
22073
22099
22122
22094
22081
22095
22138
22120
22165
22164
22200
22171
22172
22193
22198
22172
22180
22213
22222
22300
22295
22270
22245
22288
22259
22272
22284
22297
22355
22365
22306
22328
22331
22359
22411
22407
22384
22403
22462
22441
22467
22470
22470
22449
22465
22491
22506
22503
22497
22499
22555
22562
22562
22592
22570
22592
22596
22612
22624
22641
22647
22619
22673
22638
22656
22637
22690
22673
22691
22718
22696
22690
22707
22692
22678
22662
22662
22718
22728
22805
22782
22789
22750
22767
22776
22763
22770
22799
22842
22834
22863
22882
22878
22880
22897
22920
22896
22884
22911
22887
22850
22870
22962
22920
22896
22950
22975
22990
22977
22971
23004
23061
23053
23059
23092
23108
23072
23067
23094
23106
23109
23100
23096
23107
23197
23164
23184
23161
23222
23247
23224
23179
23217
23225
23237
23255
23263
23259
23307
23299
23313
23343
23354
23345
23330
23336
23328
23347
23316
23364
23325
23379
23399
23416
23414
23432
23482
23479
23481
23471
23468
23513
23506
23547
23541
23553
23545
23543
23603
23649
23647
23644
23696
23699
23718
23706
23745
23761
23718
23785
23761
23751
23773
23809
23842
23847
23816
23865
23891
23904
23931
23935
23914
23972
23979
23992
24006
24025
24037
24113
24094
24085
24125
24266
24233
24233
24285
24352
24362
24362
24330
24318
24318
24371
24364
24423
24476
24506
24531
24546
24536
24548
24566
24720
24744
24669
24675
24719
24780
24779
24848
24871
24855
24871
24969
24972
24911
24971
24931
24960
24967
24975
25034
25032
25069
25083
25203
25192
25188
25187
25202
25353
25304
25304
25359
25350
25380
25466
25474
25436
25607
25645
25592
25595
25670
25701
25729
25798
25820
25842
25914
25921
25926
26042
26052
26077
26076
26078
26070
26092
26140
26220
26209
26298
26315
26366
26408
26468
26481
26459
26494
26557
26611
26654
26591
26614
26663
26719
26729
26711
26851
26879
26913
26919
26897
26981
27009
27093
27004
27072
27030
27152
27247
27150
27209
27259
27309
27290
27341
27392
27446
27432
27395
27482
27509
27575
27545
27619
27633
27614
27585
27606
27646
27742
27814
27835
27827
27828
27933
27962
27878
28017
28047
28015
28124
28138
28115
28142
28132
28177
28226
28239
28251
28307
28353
28368
28465
28418
28471
28441
28481
28442
28457
28526
28582
28567
28564
28657
28624
28723
28739
28742
28725
28771
28798
28834
28900
28943
28953
28917
28889
28957
28992
29074
29135
29118
29159
29105
29171
29196
29225
29194
29238
29283
29284
29270
29309
29331
29367
29439
29495
29477
29474
29578
29597
29534
29579
29631
29618
29663
29698
29683
29747
29726
29747
29780
29779
29873
29876
29842
29895
29911
29912
29955
29949
29955
29995
30007
29999
30015
30042
30074
30089
30097
30083
30112
30145
30144
30173
30175
30175
30199
30227
30252
30274
30288
30270
30294
30342
30386
30375
30384
30368
30406
30392
30416
30437
30421
30451
30440
30460
30475
30552
30557
30577
30560
30585
30597
30573
30646
30642
30633
30648
30662
30686
30664
30708
30717
30741
30719
30765
30726
30756
30786
30826
30800
30872
30861
30878
30915
30899
30883
30918
30917
30935
30904
30985
30968
30944
30938
30998
31029
31019
31057
31062
31069
31104
31051
31074
31134
31117
31126
31134
31106
31189
31129
31208
31222
31244
31215
31281
31250
31277
31238
31259
31281
31330
31317
31325
31350
31371
31386
31382
31353
31417
31390
31391
31429
31448
31445
31451
31476
31491
31460
31511
31521
31566
31567
31571
31641
31579
31587
31594
31633
31653
31643
31681
31678
31658
31738
31681
31706
31744
31741
31736
31769
31780
31752
31759
31840
31792
31801
31839
31793
31774
31787
31782
31846
31866
31854
31881
31879
31903
31901
31951
31904
31929
31921
31916
31948
32014
31998
32021
31980
32033
32038
32011
32009
31996
31993
32023
32015
32042
32080
32044
32100
32094
32136
32153
32095
32118
32102
32114
32121
32123
32141
32175
32169
32148
32181
32143
32146
32160
32243
32198
32225
32195
32248
32215
32216
32260
32255
32257
32247
32300
32317
32283
32284
32277
32288
32312
32354
32314
32303
32323
32314
32368
32347
32343
32371
32373
32375
32412
32367
32385
32370
32379
32406
32368
32410
32425
32411
32381
32369
32413
32418
32402
32445
32461
32482
32445
32443
32443
32479
32488
32511
32528
32525
32525
32531
32544
32530
32511
32485
32518
32574
32570
32566
32576
32601
32530
32588
32540
32571
32604
32568
32590
32565
32565
32550
32573
32580
32567
32576
32574
32607
32631
32612
32576
32594
32607
32646
32601
32656
32668
32635
32640
32591
32657
32623
32671
32630
32659
32658
32629
32609
32612
32670
32608
32669
32671
32632
32654
32592
32605
32639
32708
32710
32704
32698
32690
32683
32642
32679
32718
32690
32677
32705
32681
32656
32661
32657
32662
32717
32696
32731
32683
32718
32696
32721
32751
32752
32697
32713
32754
32703
32669
32742
32708
32729
32708
32737
32731
32733
32722
32731
32732
32706
32730
32733
32710
32682
32731
32750
32739
32738
32754
32788
32726
32789
32726
32720
32697
32699
32710
32711
32679
32650
32685
32720
32703
32734
32707
32716
32695
32657
32689
32684
32706
32742
32684
32703
32667
32657
32650
32673
32687
32674
32635
32657
32637
32604
32630
32623
32618
32622
32671
32672
32657
32614
32621
32658
32644
32606
32591
32646
32650
32623
32648
32666
32622
32620
32555
32568
32613
32616
32551
32570
32620
32632
32577
32555
32580
32598
32584
32534
32561
32585
32563
32576
32529
32551
32509
32539
32543
32495
32480
32494
32493
32526
32463
32509
32518
32494
32463
32475
32478
32442
32406
32456
32436
32440
32400
32317
32393
32405
32465
32423
32391
32362
32402
32402
32399
32406
32342
32362
32338
32376
32360
32303
32338
32331
32317
32315
32313
32319
32288
32338
32297
32285
32273
32261
32286
32233
32246
32225
32267
32245
32211
32208
32250
32262
32217
32202
32209
32157
32169
32170
32229
32199
32237
32187
32210
32197
32167
32141
32142
32129
32128
32132
32068
32079
32118
32093
32103
32086
32088
32075
32033
32047
32055
32042
32036
32054
32036
32049
32001
32021
32006
31975
31927
31931
31938
31893
31963
31930
31886
31899
31899
31887
31872
31828
31807
31828
31826
31832
31809
31843
31833
31826
31837
31773
31750
31783
31766
31704
31715
31749
31705
31696
31693
31642
31661
31659
31667
31674
31623
31623
31616
31635
31671
31626
31578
31583
31584
31581
31575
31544
31520
31529
31474
31492
31545
31464
31477
31476
31408
31396
31422
31414
31440
31405
31358
31374
31377
31391
31314
31350
31348
31325
31306
31306
31248
31231
31229
31224
31216
31250
31219
31252
31214
31198
31164
31171
31153
31139
31171
31129
31091
31104
31099
31061
31047
31071
31073
31053
31036
31040
31039
31032
31003
30963
30942
30924
30935
30913
30873
30859
30804
30828
30774
30806
30795
30801
30768
30774
30781
30787
30769
30774
30752
30736
30732
30746
30696
30746
30673
30652
30618
30625
30617
30579
30554
30575
30554
30564
30547
30489
30534
30537
30498
30437
30397
30439
30453
30413
30429
30390
30371
30388
30369
30362
30346
30325
30306
30327
30297
30290
30262
30273
30266
30220
30218
30216
30173
30199
30151
30140
30132
30047
30054
30137
30061
30077
30012
30056
30088
30043
30027
29948
30001
29988
29978
29930
29791
29804
29816
29791
29777
29774
29766
29723
29718
29652
29667
29627
29633
29590
29582
29488
29513
29479
29494
29432
29464
29391
29396
29357
29345
29310
29288
29258
29264
29256
29236
29219
29143
29177
29101
29109
29137
29091
29085
29048
28990
28917
28947
28944
28923
28868
28875
28869
28854
28731
28714
28727
28733
28667
28677
28620
28605
28601
28578
28522
28544
28520
28499
28439
28431
28413
28335
28307
28280
28300
28321
28208
28192
28185
28096
28094
28137
28073
28028
28030
28001
27987
27844
27819
27870
27860
27735
27797
27793
27756
27732
27734
27666
27568
27554
27534
27447
27464
27544
27435
27332
27265
27377
27314
27259
27222
27260
27217
27224
27121
27124
27037
26950
27009
26857
26844
26790
26826
26846
26694
26716
26625
26603
26483
26471
26474
26426
26489
26502
26415
26413
26277
26308
26276
26232
26204
26105
26069
26026
26012
25980
25882
25876
25916
25834
25825
25740
25774
25803
25760
25674
25683
25630
25630
25533
25546
25431
25440
25402
25332
25374
25394
25324
25353
25335
25230
25247
25282
25131
25156
25143
25138
25073
25085
25130
24974
25003
24981
24975
24966
24997
24986
24933
24881
24902
24794
24827
24813
24850
24804
24695
24688
24691
24696
24544
24584
24561
24562
24541
24524
24450
24457
24485
24439
24431
24446
24445
24417
24408
24368
24396
24378
24288
24274
24253
24244
24260
24205
24197
24194
24230
24236
24269
24282
24243
24169
24139
24146
24117
24123
24065
24055
24055
24016
24015
23991
24010
24034
23957
23961
23932
23927
23912
23904
23874
23898
23856
23857
23880
23868
23826
23832
23843
23824
23819
23789
23797
23801
23784
23825
23806
23772
23725
23723
23731
23684
23676
23679
23672
23672
23697
23661
23681
23655
23696
23639
23585
23562
23557
23564
23586
23575
23545
23572
23595
23549
23532
23529
23414
23419
23396
23372
23389
23403
23359
23379
23350
23328
23303
23295
23356
23399
23385
23377
23355
23275
23289
23284
23303
23263
23265
23263
23190
23157
23169
23182
23165
23184
23159
23165
23082
23120
23100
23054
23088
23122
23123
23096
23111
23111
23096
23082
23075
23037
23036
23012
23009
23047
23099
23061
23048
23033
22997
22969
22962
22964
22935
22914
22940
22937
22950
22923
22908
22899
22894
22892
22876
22862
22783
22819
22840
22828
22766
22752
22746
22738
22703
22703
22735
22769
22756
22680
22703
22653
22660
22661
22649
22662
22693
22660
22559
22591
22611
22602
22588
22564
22582
22584
22534
22530
22561
22533
22478
22457
22446
22446
22446
22435
22390
22362
22364
22374
22349
22330
22362
22292
22294
22272
22274
22299
22267
22250
22224
22240
22222
22208
22188
22188
22198
22197
22179
22181
22148
22133
22048
22050
22078
22055
22042
22038
22041
22032
22041
22022
21994
21946
21936
21905
21933
21889
21890
21887
21889
21876
21834
21860
21805
21799
21769
21763
21783
21794
21753
21724
21688
21645
21652
21655
21629
21584
21617
21615
21593
21609
21619
21601
21581
21560
21540
21521
21504
21495
21477
21492
21462
21454
21431
21456
21438
21422
21389
21379
21342
21340
21294
21302
21267
21257
21244
21265
21237
21249
21208
21198
21194
21191
21208
21200
21182
21106
21096
21056
21051
21046
21025
21021
20999
20944
20931
20921
20899
20900
20925
20886
20889
20885
20868
20852
20852
20843
20810
20801
20797
20798
20807
20813
20779
20768
20769
20766
20791
20777
20771
20768
